01100100011011110110011100111010010000100111010101101100011001000110010101110010
01100011011000010111010000111010010011010111010101101110011010010110111001100111
00110000001110100110001001111000010100010101010101100011
00110001001110100100011001110110011010000100011101100111
00110010001110100100000101001101010001110110100101101010
00110011001110100100011101000011010010010101100101000110
00110100001110100101010001001011011010100100111001001111
00110101001110100110100101011000011100100111100001000001
00110110001110100110100001011001011101110110101001010101
00110111001110100110111101001010011011010101100101110110
00111000001110100110011001010011010110000110100001010110
00111001001110100100111001010011011101100101101001000101
